       33
  0.2400000000000000E-01 -0.1030000000000000E+00 -0.1010000000000000E+00
  0.2700000000000000E-01 -0.1132000000000000E+01 -0.2390000000000000E+00
 -0.8050000000000000E+00  0.1630000000000000E+00  0.4710000000000000E+00
 -0.5900000000000000E-01  0.3840000000000000E+00 -0.1019000000000000E+01
  0.1247000000000000E+01  0.3750000000000000E+00  0.6360000000000000E+00
  0.8139999999999999E+00  0.8610000000000000E+00  0.1495000000000000E+01
  0.2057000000000000E+01 -0.7720000000000000E+00  0.1289000000000000E+01
  0.3136000000000000E+01 -0.7520000000000000E+00  0.1032000000000000E+01
  0.1990000000000000E+01 -0.6410000000000000E+00  0.2395000000000000E+01
  0.1656000000000000E+01 -0.1782000000000000E+01  0.1063000000000000E+01
  0.1956000000000000E+01  0.1579000000000000E+01  0.3600000000000000E-01
  0.1219000000000000E+01  0.2525000000000000E+01 -0.2010000000000000E+00
  0.3289000000000000E+01  0.1631000000000000E+01 -0.2020000000000000E+00
  0.3939000000000000E+01  0.8680000000000000E+00 -0.1740000000000000E+00
  0.3990000000000000E+01  0.2909000000000000E+01 -0.2150000000000000E+00
  0.3742000000000000E+01  0.3440000000000000E+01  0.6950000000000000E+00
  0.3662000000000000E+01  0.3802000000000000E+01 -0.1434000000000000E+01
  0.4192000000000000E+01  0.4778000000000000E+01 -0.1358000000000000E+01
  0.3956000000000000E+01  0.3311000000000000E+01 -0.2382000000000000E+01
  0.2577000000000000E+01  0.4027000000000000E+01 -0.1467000000000000E+01
  0.5487000000000000E+01  0.2654000000000000E+01 -0.1280000000000000E+00
  0.5889000000000000E+01  0.1489000000000000E+01 -0.1370000000000000E+00
  0.6275000000000000E+01  0.3733000000000000E+01 -0.3700000000000000E-01
  0.5963000000000000E+01  0.4691000000000000E+01 -0.2800000000000000E-01
  0.7707000000000000E+01  0.3802000000000000E+01  0.6800000000000000E-01
  0.8160000000000000E+01  0.3418000000000000E+01 -0.8330000000000000E+00
  0.8233000000000001E+01  0.3093000000000000E+01  0.1333000000000000E+01
  0.9342000000000001E+01  0.3149000000000000E+01  0.1356000000000000E+01
  0.7835000000000000E+01  0.3593000000000000E+01  0.2240000000000000E+01
  0.7923000000000000E+01  0.2030000000000000E+01  0.1332000000000000E+01
  0.8018000000000001E+01  0.5323000000000000E+01  0.1360000000000000E+00
  0.7032000000000000E+01  0.6119000000000000E+01  0.1270000000000000E+00
  0.9218999999999999E+01  0.5692000000000000E+01  0.1880000000000000E+00
  0 START of Energies
  0.1007974725525310E+02
 -0.6554456776117148E+00
 -0.2747536888009002E+03
  0.0000000000000000E+00
  0.4323182515372213E+01
  0.1683410286491215E+02
  0.2022813960713010E+02
  0.8264785469333813E+01
  0.2358386712770168E+03
  0.0000000000000000E+00
  0.0000000000000000E+00
  0.0000000000000000E+00
  0.0000000000000000E+00
  0.0000000000000000E+00
  0.0000000000000000E+00
  0.0000000000000000E+00
  0.0000000000000000E+00  0.0000000000000000E+00  0.0000000000000000E+00
  0.0000000000000000E+00 -0.6554456776117148E+00  0.0000000000000000E+00
  0.0000000000000000E+00  0.0000000000000000E+00  0.0000000000000000E+00
  1 START of VIRIALS
  0.0000000000000000E+00  0.0000000000000000E+00  0.0000000000000000E+00
  0.0000000000000000E+00  0.0000000000000000E+00  0.0000000000000000E+00
  0.0000000000000000E+00  0.0000000000000000E+00  0.0000000000000000E+00
  0.0000000000000000E+00  0.0000000000000000E+00  0.0000000000000000E+00
  0.0000000000000000E+00  0.0000000000000000E+00  0.0000000000000000E+00
  0.0000000000000000E+00  0.0000000000000000E+00  0.0000000000000000E+00
  0.0000000000000000E+00  0.0000000000000000E+00  0.0000000000000000E+00
  0.0000000000000000E+00  0.0000000000000000E+00  0.0000000000000000E+00
  0.0000000000000000E+00  0.0000000000000000E+00  0.0000000000000000E+00
  0.0000000000000000E+00  0.0000000000000000E+00  0.0000000000000000E+00
  0.0000000000000000E+00  0.0000000000000000E+00  0.0000000000000000E+00
  0.0000000000000000E+00  0.0000000000000000E+00  0.0000000000000000E+00
  0.5913989910686445E+02  0.3205154099242039E+02 -0.3908655375605082E+01
  0.3205154099242031E+02  0.9777223651735974E+02  0.3760148472258123E+01
 -0.3908655375605056E+01  0.3760148472258146E+01  0.5601829524792524E+02
  0.0000000000000000E+00  0.0000000000000000E+00  0.0000000000000000E+00
  0.0000000000000000E+00  0.0000000000000000E+00  0.0000000000000000E+00
  0.0000000000000000E+00  0.0000000000000000E+00  0.0000000000000000E+00
  0.0000000000000000E+00  0.0000000000000000E+00  0.0000000000000000E+00
  0.0000000000000000E+00  0.0000000000000000E+00  0.0000000000000000E+00
  0.0000000000000000E+00  0.0000000000000000E+00  0.0000000000000000E+00
  2 Total Force
 -0.5748723316168229E+01  0.1195702532074700E+02 -0.8967147558206420E+01
  0.3624295078389489E+01  0.2448195014441204E+02  0.3497600341884219E+01
  0.1982303963340174E+02 -0.8263288344636607E+01 -0.1701543663169335E+02
  0.4942127583917491E+01 -0.1134613185612422E+02  0.2332492288048699E+02
 -0.1298951950791226E+02 -0.2714294595622305E+02  0.4668331857140687E+01
 -0.3537499577114319E+01  0.1987975192564953E+01  0.8076210417194408E+01
  0.1426662203725058E+02 -0.6187532050808735E+01  0.1407510198783409E+02
 -0.1360964911243983E+02  0.2798500622083238E+01 -0.2026657289105606E+01
  0.1962401696962178E+01 -0.2196394040279569E+01 -0.1669656618750247E+02
  0.1403929883317002E+01  0.1425235426832789E+02 -0.1968989121626724E+01
  0.1471386536221640E+02 -0.7243271943634972E+00 -0.9731988300746726E+01
 -0.7316418241267391E+01 -0.5013335127849819E+01  0.4180312603651092E+01
 -0.2863980113905988E+02  0.1739009469663637E+02 -0.8341624980183962E+01
 -0.4817986803575979E+01 -0.1715094731598111E+02  0.6380883264675136E+01
  0.6861987968346597E+01  0.1181648703718091E+02  0.5085003542681938E+00
 -0.4417676150575061E+01  0.6556130332413843E+01  0.2356007510559874E+01
 -0.9655608466583958E+01  0.5063932164704361E+01 -0.1281310424355464E+02
 -0.5810051467389186E+01 -0.1350782995078184E+02 -0.4048155365795692E+00
 -0.1933317801701011E+01  0.3134834504477970E+01  0.1114066389674047E+02
  0.1508338630626997E+02 -0.7695220203534069E+00 -0.1776343435615326E+01
  0.7254345893537620E+01  0.9163131400151951E+01 -0.6843606622823959E+01
  0.3107233670087690E+01 -0.3730876295088062E+01 -0.1178320678744075E+01
  0.9314341854430310E+01 -0.2195050134072495E+02  0.1555016088465857E+02
 -0.2663765498215009E+02  0.1770714877684014E+01 -0.1731813374264706E+01
  0.1353649852709520E+02  0.1516376239907069E+02  0.4067723353444030E+01
  0.5513659601111316E+01 -0.4840561256105458E+01 -0.2968150490633006E+01
  0.5024577816199027E+00 -0.7570831051879029E+01  0.1029114536719558E+02
 -0.1340642777401313E+02  0.1931201995298126E+00 -0.9700374638477892E+00
  0.4180179988348538E+01 -0.5459412237492491E+01 -0.1100611606609528E+02
  0.5342607267244804E+01  0.1164744274280580E+02  0.2909398181203648E+00
  0.9145007015407476E+01  0.1871435803451469E+02 -0.2794940630895566E+01
  0.9634367722213572E+01 -0.8934784002086580E+01  0.3120807249891133E+00
 -0.1169202053121756E+02 -0.1130259389652708E+02 -0.1484926650723652E+01
  3 Bond Force
 -0.3683553913436820E+01  0.3948102272576352E+01 -0.4709003146058007E+00
  0.9495662800247314E+00  0.2747201341750504E+02  0.2843990308086182E+01
  0.2485792609562865E+02 -0.3638633877978211E+01 -0.1618078282477344E+02
  0.6001232137080834E+01 -0.7869051137192844E+01  0.2657615024549079E+02
 -0.9957388379965165E+01 -0.2280339237341433E+02 -0.1297678258966836E+02
 -0.3687365677396022E+01  0.3724168774373068E+01  0.6914842374096707E+01
 -0.1412535765880889E+00  0.8259035076110817E+00  0.5269146810283841E+01
 -0.1264256858587323E+02 -0.1492915020564796E+01  0.3955369289144444E+01
  0.1405324896997880E+01 -0.1660001432859706E+01 -0.1738733091168961E+02
  0.5504790315550463E+01  0.1245464969063881E+02  0.3003410062248880E+01
  0.3438202145936133E+02 -0.4792240912768073E+01 -0.7897567086161024E+00
 -0.1679266688292457E+02 -0.9400088822359409E+01  0.2675310349214558E+01
 -0.2545138289441592E+02  0.7394410070852256E+01  0.2580478635542391E+01
  0.2126070478027196E+02  0.1151836714650905E+01  0.7405049625333204E+00
 -0.4324042703126187E+01  0.1106079662381621E+00 -0.1414905540809204E+02
 -0.2052561951163576E+01  0.2799576514260816E+01  0.4040216221682732E+01
  0.5295268472550273E+01  0.4828855763102614E+01 -0.1266239491479519E+01
 -0.7776247276879190E+01 -0.1284949613105705E+02 -0.1663796878045697E+01
 -0.1783787334100374E+01  0.5909277261294529E+01  0.1058868265158579E+02
  0.1655310575183602E+02  0.2490932995085979E+01 -0.2912744155259098E+01
  0.8697589743361727E+01  0.1617682779049718E+02 -0.1262452921844802E+01
 -0.2359926355055208E+02 -0.4547617453582584E+01 -0.2417245373424984E+01
 -0.1368339826763164E+02 -0.1026070837087910E+02 -0.9007840055044236E+00
  0.1560120641657496E+02  0.1963331549981158E+02  0.7140600158182929E+00
  0.1127300918552636E+02  0.1757245520777922E+02  0.1611606833923663E+02
  0.1925528835211747E+01 -0.3727839909914372E+01 -0.5797608468239908E+01
  0.4864901273977119E+01  0.2076463772413853E+01  0.4744573910477671E+01
 -0.1419249007202067E+02  0.1906276721282160E+01 -0.1412414205322433E+01
  0.6176235313418616E+01 -0.3665028067139438E+01 -0.1249159159684751E+02
  0.6202333794795995E+01  0.1273068792716360E+02  0.8134285956631573E+00
 -0.1365049306008991E+02 -0.7344991251941043E+01 -0.1292490127416114E+01
  0.3075454974657411E+01 -0.3825181156961287E+02  0.1807577414296164E+00
 -0.2060773560066263E+02 -0.1090254553587338E+02  0.1614985468294835E+01
  4 Angle Force
 -0.1983093730528436E+01  0.6023520658733029E+01 -0.8063303221515161E+01
  0.5213110910575551E+01  0.3069604610833210E+01  0.6318834245305858E+00
  0.1559256369050000E+01  0.8810728309918057E+00 -0.1906318850111049E+01
  0.6894949716973379E+01  0.4263017551685118E+01  0.9073773014734083E+00
 -0.2380591956671430E+01 -0.2122136700405495E+00  0.2613707840286491E+02
 -0.2059330025135807E+01 -0.4879374117258816E+01  0.2160059663450310E+01
  0.1695296032414630E+02 -0.4601719952960591E+01  0.6212662378358772E+01
 -0.1431370997269918E+01  0.4223603998587992E+01 -0.5371028938074711E+01
  0.2570592514695339E+00  0.4255326631062068E+00 -0.4334551966067846E-01
 -0.4265961956519497E+01  0.3439678968697435E+01 -0.5979932509384281E+01
 -0.1007951650476055E+02 -0.4432180679618972E+01 -0.1165879014491326E+02
 -0.2683304927110818E+01 -0.8841239844557858E+01 -0.1440639799581129E+00
  0.1620128726983391E+02  0.9882311160629785E+01 -0.8120726584301419E+01
 -0.1599478199106082E+01 -0.9918648005908766E+01  0.3544960443281381E+01
  0.1163476469972028E+02  0.9597201189216008E+01  0.1740783535737484E+02
 -0.6436043055602297E+01  0.1923500596294651E+01 -0.2799464489780276E+01
 -0.5135535125757180E+01  0.3406843758737142E+01 -0.9708731469332529E+01
  0.2587664386727559E+01 -0.7304287200367326E+00  0.1676548959666318E+01
  0.2343798521883259E+01 -0.2226791854433146E+01  0.2302657997699230E+01
  0.3450335507114422E+01  0.1712361640633484E+01 -0.1738378268935958E+01
 -0.5578110859857915E+01  0.1071793574184750E+02 -0.6246855221758885E+01
 -0.1454816302784318E+02 -0.5578286759294048E+01 -0.1840092081961639E+01
  0.2711509079326073E+02  0.1705120532172759E+02  0.6712105161525008E+01
 -0.1430386047742419E+02  0.7695500482072131E+01 -0.1814457454671010E+01
 -0.2412920445399768E+01 -0.3127307324023182E+01 -0.7209614913377144E+01
 -0.4859166677646363E+00 -0.6962131618030241E+01  0.3242102251468336E+01
  0.2225663217064491E+01 -0.2086384238808137E+01  0.3620411247458601E+01
 -0.1468345992241810E+00  0.2525069681669931E+01 -0.2049126419978580E+01
  0.1505616859165653E+00  0.2605233413329983E+01 -0.2347896562576113E+01
  0.2063046763792279E+01  0.1698573211827398E+01 -0.1984199240265666E+00
  0.3496082104996988E+01  0.5831013459910380E+01  0.1050568930411662E+01
 -0.1766948060013507E+02 -0.2794689350937499E+02 -0.2107816886294531E+00
 -0.8946118366414282E+01 -0.1542918064618476E+02  0.1845076723383478E+01
  5 Dihedral Force
 -0.7506671133600991E+00  0.1813730481601518E+01 -0.4270795484619084E+00
 -0.4977060977258061E+00  0.3349540796987780E+00 -0.8012916785943358E+00
 -0.6999926602404969E+00  0.1278009454691030E+01 -0.1053454821595373E+01
 -0.4419845990540807E+00  0.2869054535714538E+01 -0.6711505083456166E+00
  0.3823264975402054E+00 -0.3893225877475474E+01 -0.8684008718806105E+01
  0.1522467519178096E+01  0.3084891442634305E+01 -0.4368922324518196E+00
 -0.1891676447838284E+01 -0.1406996006138789E+01  0.1858379385541567E+01
  0.7942742145228848E+00 -0.2443224682230513E+01  0.1198641702431931E+01
  0.1008172330476256E+01 -0.1710796799190757E+00  0.6663063799877215E+00
  0.1375108896971546E+01 -0.1414891944891763E+01  0.1491401937782289E+01
  0.1057267361818557E+02  0.7674962197323209E+01  0.5818459265724972E+01
 -0.1234876905378965E+02 -0.1722327303584641E+02  0.9918617246202441E+01
 -0.2902296577915177E+02 -0.3468279772322243E+01 -0.4095051193164259E+01
  0.9852893797916595E+01  0.3532518503542582E+01  0.3223657835341238E+01
  0.6801271122592645E+00  0.2948898403521038E+01 -0.2552845554012276E+01
  0.2337583227541519E+01  0.2353922930529432E+01  0.4927921371565463E+00
 -0.1132083266229967E+01 -0.1337098149124890E+01 -0.5403762116224777E+01
 -0.1141148002155676E+01  0.2056173516967793E+01 -0.1589512412420156E+01
  0.2033189180396081E+00  0.8092257811559529E+00 -0.7722332241572993E+00
  0.3461102176646108E+01  0.5136364757350452E+01 -0.3702715584015336E+01
  0.1294193113067028E+02  0.1560066538645938E+02 -0.2430418104106136E+01
 -0.3385059202125545E+01 -0.1011565702128568E+02 -0.1812760708651353E+01
 -0.1250390585256776E+02 -0.3786258009043168E+02  0.9667044122625628E+01
  0.4575909941023783E+01  0.9690769921226721E+01  0.7589589607676327E+00
  0.2877706734319803E+01 -0.3623587260018452E+00 -0.4753632854007889E+01
  0.1704530422832620E+01  0.3666800380491537E+01  0.3646283874751389E+00
 -0.1781391203737538E+01 -0.3685551668257925E+01  0.6013428981392707E+01
  0.5917411392953246E+00  0.9904265769435545E+00  0.2482869788339821E+00
  0.6790424459890941E+00  0.2386820230700972E+00  0.5607862138654003E+00
  0.2902315776850386E+01  0.1179704637994008E+00  0.1281563890966871E+01
  0.1654729933120328E+02  0.1102642603162664E+02 -0.3855575182467792E+01
 -0.4815438415000134E+01  0.9173091449599365E+01  0.3823699771495461E+00
 -0.4597737538485424E+01 -0.1013321664021023E+01 -0.9029389617631809E+00
  6 Van der Waals Force
  0.1049808374177424E+00  0.7722069730237707E-01 -0.1077352465442052E-01
  0.2329252657515056E-01  0.7030543993588941E-02  0.1309488316209655E-01
  0.2644987619249161E-01  0.1687308973746588E-01 -0.3810046247398247E-02
  0.4919334934985213E-01  0.5695722410083606E-01  0.2563760382328262E-01
  0.1676113207544373E+00  0.1326042054881688E+00 -0.5717846001308988E-01
  0.2333926526815211E-01  0.1461118578609827E-01 -0.1241925060544418E-01
  0.1634896261759684E+00  0.1900361199972292E+00 -0.9495244454358462E-01
 -0.7239675695936007E-01 -0.1657322709915608E+01  0.8692094001452852E+00
  0.2382423843029965E-01  0.6564464603384519E-01 -0.6622818289238838E-01
  0.6557440154649159E-02  0.6689050873283674E-01 -0.3119394589325191E-01
  0.9684631038354694E-01 -0.3469350312158395E+00  0.2237334174990497E+00
 -0.5916063535027416E+01 -0.5415585919880900E+01  0.4481647780165418E+01
  0.1899198989536764E+00  0.1781012468841479E+01 -0.8655285408121777E+00
 -0.5076654549945885E+00 -0.1731853620103845E+00  0.2084841091351768E-01
  0.1313608784589284E+00 -0.4437503638472609E-01  0.9537169042639090E-01
  0.2407659449219825E+00  0.4507441435308377E-01  0.6205071474026003E-01
  0.2499755898183416E+01  0.1175210630920485E+01 -0.9885102466598441E+00
 -0.1554107103869468E+01  0.7609920745352292E+00 -0.9534711641188968E+00
  0.5142302841481358E-02 -0.4998778862131285E-01  0.1170642563058418E+00
  0.3817221751975545E+01  0.4415368104603729E+01 -0.3622469790683102E+01
 -0.5650899481818049E+00  0.1729792679779960E+00 -0.2463684392049649E+00
 -0.2267141598962066E+01 -0.6470258036747719E+00 -0.1674372445682423E+01
  0.1495978089077403E+01 -0.8872025114081359E+00  0.1032886748355509E+01
 -0.2896994086301044E+01 -0.3830110046972429E+01 -0.4398762802205443E+00
 -0.2150927401568888E+00 -0.3059637081933703E-01 -0.4621274712657568E-01
 -0.5346197053350895E-01 -0.6248029745814400E-02  0.2553952461144823E-02
  0.5937723188073113E+00  0.5028568028830902E+00  0.4135338210550586E+00
 -0.5099905159376729E-01 -0.4462541733080405E+00  0.1787196200579735E+00
 -0.5954026406010934E-01  0.2264675940393852E-01 -0.1035759914135485E+00
  0.2195541807209811E+01  0.3882780040472515E+00  0.1523635080873335E+01
 -0.1728577468016469E+00 -0.1277588027367526E+00 -0.3340472185674651E-01
  0.2624314296288535E+01  0.3428330659965525E+01  0.3852843644359454E+00
 -0.1479477199787114E+00  0.3419701779897946E+00 -0.1949255217917079E+00
  7 Direct sum electrostatic Force
 -0.4392765579963044E+00 -0.1630566512204261E+00  0.1370576146619613E-01
  0.9970454806673440E+00  0.3190280437818906E+01 -0.4246040270929903E+00
  0.2920625209325712E+01  0.3374995286433150E+01 -0.1058749886145859E+01
  0.3706841486191467E+01  0.5247619179064677E+01  0.1718089475242516E+01
  0.3493215136534936E+00 -0.1554718784181611E-01 -0.3884392136202935E-01
 -0.3667035683878598E+00 -0.4375573219429586E-01  0.2933189445558377E+00
  0.1632145050587077E+00  0.3123236796629889E+00 -0.2725042622813718E+00
  0.2373886288691453E+00  0.4018045467703302E+00  0.3561027115834976E-01
  0.3302531525604467E+00  0.3297781492696518E+00  0.3232625096233938E-01
  0.5984462461881062E+00  0.4665071432546131E-01  0.2731282520300580E+00
  0.9983810294901422E+01 -0.6563106913432559E-01  0.1327216938972118E+01
 -0.6338097776251414E+01 -0.9810047367576034E+01 -0.3468722742615230E+00
 -0.5006550031290627E+01 -0.3571839087579763E+01  0.2186914599425137E+00
  0.1767371904632381E+02  0.6131512626143299E+01  0.5432715773268849E+00
  0.4330696917944529E+00  0.4644852972818717E+00  0.3345330074771089E-02
 -0.1107438759246628E+01  0.2153604399824437E+00 -0.3732825354906953E+00
  0.1841873375390128E+01 -0.2578760269152330E+00 -0.7943041700812489E+00
  0.1294267391410407E+01  0.2310472337926981E+00  0.3674987670089142E+00
  0.1343181650920271E+01  0.7284261303909956E+00  0.3721575078877853E+00
  0.3733568126877465E+00  0.6392226021079304E+00  0.3337225043855685E+00
  0.4968622008500044E+01  0.1649316949134806E+02 -0.1301691373237968E+01
 -0.2005271812634218E+02 -0.7608316665862351E+01 -0.7715162969645268E+00
 -0.5689255679761896E+01 -0.3673588388020975E+01 -0.1068784551361689E+01
  0.1915244951746336E+02  0.2145454555968563E+02  0.1135063728310356E+01
 -0.6842587861675125E+00 -0.5098902498389111E+00  0.8876135633035806E-01
 -0.1131296534882284E+01 -0.1085056915927996E+01  0.3860823782071414E+00
  0.1809585434034774E+01  0.1434822655730320E+01  0.1630100565011642E+01
 -0.1195788273744294E+00  0.3060580563490957E+01 -0.1300327711367594E+01
  0.1472369992547979E+01  0.2296503043972628E+01 -0.1532716948317925E+01
  0.7170027268871166E+00  0.1061616425945049E+01 -0.7208187086317870E+00
 -0.1203201572846908E+01 -0.4473196094722601E+01 -0.6178731524315924E+00
 -0.1714623017763422E+02 -0.2747374547361649E+02 -0.3651517119556474E+00
 -0.1108183776719368E+02 -0.8363197152765837E+01  0.2215950462111100E+01
  8 Reciprocal sum electrostatic Force
 -0.3342957205785622E+00 -0.8583595391804874E-01  0.2932236811775601E-02
  0.1020338007242494E+01  0.3197310981812496E+01 -0.4115091439308937E+00
  0.2947075085518203E+01  0.3391868376170616E+01 -0.1062559932393258E+01
  0.3756034835541319E+01  0.5304576403165513E+01  0.1743727079065798E+01
  0.5169328344079308E+00  0.1170570176463527E+00 -0.9602238137511923E-01
 -0.3433643031197078E+00 -0.2914454640819757E-01  0.2808996939503934E+00
  0.3267041312346761E+00  0.5023597996602185E+00 -0.3674567068249562E+00
  0.1649918719097854E+00 -0.1255518163145278E+01  0.9048196713036349E+00
  0.3540773909907463E+00  0.3954227953034972E+00 -0.3390193193004898E-01
  0.6050036863427554E+00  0.1135412230582981E+00  0.2419343061368060E+00
  0.1008065660528497E+02 -0.4125661003501653E+00  0.1550950356471167E+01
 -0.1225416131127883E+02 -0.1522563328745693E+02  0.4134775505903896E+01
 -0.4816630132336949E+01 -0.1790826618738284E+01 -0.6468370808696640E+00
  0.1716605359132923E+02  0.5958327264132915E+01  0.5641199882404025E+00
  0.5644305702533812E+00  0.4201102608971456E+00  0.9871702050116199E-01
 -0.8666728143246459E+00  0.2604348543355275E+00 -0.3112318207504355E+00
  0.4341629273573544E+01  0.9173346040052521E+00 -0.1782814416741093E+01
 -0.2598397124590612E+00  0.9920393083279273E+00 -0.5859723971099828E+00
  0.1348323953761752E+01  0.6784383417696827E+00  0.4892217641936274E+00
  0.4190578564663291E+01  0.5054590706711660E+01 -0.3288747286297533E+01
  0.4403532060318240E+01  0.1666614875932606E+02 -0.1548059812442933E+01
 -0.2231985972530425E+02 -0.8255342469537123E+01 -0.2445888742646950E+01
 -0.4193277590684493E+01 -0.4560790899429112E+01 -0.3589780300617962E-01
  0.1625545543116232E+02  0.1762443551271321E+02  0.6951874480898114E+00
 -0.8993515263244007E+00 -0.5404866206582482E+00  0.4254860920378237E-01
 -0.1184758505415793E+01 -0.1091304945673810E+01  0.3886363306682862E+00
  0.2403357752842085E+01  0.1937679458613411E+01  0.2043634386066701E+01
 -0.1705778789681965E+00  0.2614326390182917E+01 -0.1121608091309621E+01
  0.1412829728487869E+01  0.2319149803376567E+01 -0.1636292939731474E+01
  0.2912544534096927E+01  0.1449894429992300E+01  0.8028163722415484E+00
 -0.1376059319648556E+01 -0.4600954897459355E+01 -0.6512778742883391E+00
 -0.1452191588134569E+02 -0.2404541481365097E+02  0.2013265248029827E-01
 -0.1122978548717239E+02 -0.8021226974776042E+01  0.2021024940319392E+01
  9 Adjust sum electrostatic Force
 -0.3342957205785622E+00 -0.8583595391804874E-01  0.2932236811775601E-02
  0.1020338007242494E+01  0.3197310981812496E+01 -0.4115091439308937E+00
  0.2947075085518203E+01  0.3391868376170616E+01 -0.1062559932393258E+01
  0.3756034835541319E+01  0.5304576403165513E+01  0.1743727079065798E+01
  0.5169328344079308E+00  0.1170570176463527E+00 -0.9602238137511923E-01
 -0.3433643031197078E+00 -0.2914454640819757E-01  0.2808996939503934E+00
  0.3267041312346761E+00  0.5023597996602185E+00 -0.3674567068249562E+00
  0.1649918719097854E+00 -0.1255518163145278E+01  0.9048196713036349E+00
  0.3540773909907463E+00  0.3954227953034972E+00 -0.3390193193004898E-01
  0.6050036863427554E+00  0.1135412230582981E+00  0.2419343061368060E+00
  0.1008065660528497E+02 -0.4125661003501653E+00  0.1550950356471167E+01
 -0.1225416131127883E+02 -0.1522563328745693E+02  0.4134775505903896E+01
 -0.4816630132336949E+01 -0.1790826618738284E+01 -0.6468370808696640E+00
  0.1716605359132923E+02  0.5958327264132915E+01  0.5641199882404025E+00
  0.5644305702533812E+00  0.4201102608971456E+00  0.9871702050116199E-01
 -0.8666728143246459E+00  0.2604348543355275E+00 -0.3112318207504355E+00
  0.4341629273573544E+01  0.9173346040052521E+00 -0.1782814416741093E+01
 -0.2598397124590612E+00  0.9920393083279273E+00 -0.5859723971099828E+00
  0.1348323953761752E+01  0.6784383417696827E+00  0.4892217641936274E+00
  0.4190578564663291E+01  0.5054590706711660E+01 -0.3288747286297533E+01
  0.4403532060318240E+01  0.1666614875932606E+02 -0.1548059812442933E+01
 -0.2231985972530425E+02 -0.8255342469537123E+01 -0.2445888742646950E+01
 -0.4193277590684493E+01 -0.4560790899429112E+01 -0.3589780300617962E-01
  0.1625545543116232E+02  0.1762443551271321E+02  0.6951874480898114E+00
 -0.8993515263244007E+00 -0.5404866206582482E+00  0.4254860920378237E-01
 -0.1184758505415793E+01 -0.1091304945673810E+01  0.3886363306682862E+00
  0.2403357752842085E+01  0.1937679458613411E+01  0.2043634386066701E+01
 -0.1705778789681965E+00  0.2614326390182917E+01 -0.1121608091309621E+01
  0.1412829728487869E+01  0.2319149803376567E+01 -0.1636292939731474E+01
  0.2912544534096927E+01  0.1449894429992300E+01  0.8028163722415484E+00
 -0.1376059319648556E+01 -0.4600954897459355E+01 -0.6512778742883391E+00
 -0.1452191588134569E+02 -0.2404541481365097E+02  0.2013265248029827E-01
 -0.1122978548717239E+02 -0.8021226974776042E+01  0.2021024940319392E+01
