PSF CMAP CHEQ

       2 !NTITLE
**                                                                              
*  DATE:     9/26/13     13:28:10      CREATED BY USER: mcrowley                

      17 !NATOM
       1 ASN  1    ASN  N      56  -0.300000       14.0070           0   0.00000     -0.301140E-02
       2 ASN  1    ASN  HT1     2   0.330000       1.00800           0   0.00000     -0.301140E-02
       3 ASN  1    ASN  HT2     2   0.330000       1.00800           0   0.00000     -0.301140E-02
       4 ASN  1    ASN  HT3     2   0.330000       1.00800           0   0.00000     -0.301140E-02
       5 ASN  1    ASN  CA     22   0.210000       12.0110           0   0.00000     -0.301140E-02
       6 ASN  1    ASN  HA      6   0.100000       1.00800           0   0.00000     -0.301140E-02
       7 ASN  1    ASN  CB     23  -0.180000       12.0110           0   0.00000     -0.301140E-02
       8 ASN  1    ASN  HB1     3   0.900000E-01   1.00800           0   0.00000     -0.301140E-02
       9 ASN  1    ASN  HB2     3   0.900000E-01   1.00800           0   0.00000     -0.301140E-02
      10 ASN  1    ASN  CG     32   0.550000       12.0110           0   0.00000     -0.301140E-02
      11 ASN  1    ASN  OD1    70  -0.550000       15.9990           0   0.00000     -0.301140E-02
      12 ASN  1    ASN  ND2    55  -0.620000       14.0070           0   0.00000     -0.301140E-02
      13 ASN  1    ASN  HD21    1   0.320000       1.00800           0   0.00000     -0.301140E-02
      14 ASN  1    ASN  HD22    1   0.300000       1.00800           0   0.00000     -0.301140E-02
      15 ASN  1    ASN  C      32   0.340000       12.0110           0   0.00000     -0.301140E-02
      16 ASN  1    ASN  OT1    72  -0.670000       15.9990           0   0.00000     -0.301140E-02
      17 ASN  1    ASN  OT2    72  -0.670000       15.9990           0   0.00000     -0.301140E-02

      16 !NBOND: bonds
       2       1       3       1       4       1       7       5
      10       7      12      10       1       5      15       5
       5       6       7       8       7       9      12      13
      12      14      10      11      15      17      15      16

      27 !NTHETA: angles
       2       1       3       2       1       4       2       1       5
       3       1       4       3       1       5       4       1       5
       1       5       6       1       5       7       1       5      15
       6       5       7       6       5      15       7       5      15
       5       7       8       5       7       9       5       7      10
       8       7       9       8       7      10       9       7      10
       7      10      11       7      10      12      11      10      12
      10      12      13      10      12      14      13      12      14
       5      15      16       5      15      17      16      15      17

      34 !NPHI: dihedrals
       1       5       7       8       1       5       7       9
       1       5       7      10       1       5      15      16
       1       5      15      17       2       1       5       6
       2       1       5       7       2       1       5      15
       3       1       5       6       3       1       5       7
       3       1       5      15       4       1       5       6
       4       1       5       7       4       1       5      15
       5       7      10      11       5       7      10      12
       6       5       7       8       6       5       7       9
       6       5       7      10       6       5      15      16
       6       5      15      17       7       5      15      16
       7       5      15      17       7      10      12      13
       7      10      12      14       8       7       5      15
       8       7      10      11       8       7      10      12
       9       7       5      15       9       7      10      11
       9       7      10      12      10       7       5      15
      11      10      12      13      11      10      12      14

       5 !NIMPHI: impropers
      10      12       7      11      10       7      12      11
      12      10      13      14      12      10      14      13
      15       5      17      16

       5 !NDON: donors
       1       2       1       3       1       4      12      13
      12      14

       3 !NACC: acceptors
      11      10      16      15      17      15

       0 !NNB

       0       0       0       0       0       0       0       0
       0       0       0       0       0       0       0       0
       0

       5       0 !NGRP NST2
       0       2       0       6       1       0       9       1       0
      11       1       0      14       2       0

       1 !MOLNT
       1       1       1       1       1       1       1       1
       1       1       1       1       1       1       1       1
       1

       0       0 !NUMLP NUMLPH

       0 !NCRTERM: cross-terms

