****
  129
   5.3280000   2.5890000  -3.3500000   6.0760000   2.5070000  -4.1190000
   5.4580000   3.7100000  -2.5840000   5.2630000   3.4800000  -1.6680000
   3.9730000   1.2230000  -4.8510000   4.7950000   1.1650000  -5.6190000
   4.0960000   2.3890000  -4.0180000   5.5570000   1.3590000  -2.5170000
   4.7600000   1.3780000  -1.7040000   6.8060000   1.4590000  -1.8550000
   6.9430000   0.7980000  -1.1520000   5.4750000   0.0400000  -3.2750000
   6.3300000  -0.1590000  -3.9970000   5.5920000  -0.9700000  -2.2790000
   5.2200000  -1.8560000  -2.7060000   4.1240000   0.0020000  -3.9710000
   3.1860000   0.0180000  -3.2740000   4.0670000  -1.1270000  -4.7970000
   2.6510000   1.2940000  -5.5700000   1.8690000   0.9230000  -4.8850000
   2.4540000   2.3620000  -5.7550000   2.6480000   0.7460000  -6.8960000
   3.0410000   1.3990000  -7.5140000   3.1420000  -2.1000000  -4.3150000
   2.2410000  -1.6270000  -3.9900000   2.9750000  -3.9020000  -2.6860000
   2.0960000  -3.4650000  -2.2590000   3.7910000  -2.7920000  -3.2240000
   2.8350000  -2.9470000  -5.5320000   3.8500000  -3.1230000  -5.9500000
   2.1230000  -2.1670000  -6.5180000   2.6160000  -1.3310000  -6.7220000
   2.1000000  -4.1520000  -5.0820000   1.0490000  -3.7420000  -4.8160000
   1.9780000  -5.0350000  -6.1820000   1.0690000  -4.9580000  -6.4410000
   2.8270000  -4.8540000  -3.8830000   3.9200000  -5.0270000  -4.2230000
   2.3690000  -6.0780000  -3.4340000   3.8630000  -4.4850000  -1.5980000
   4.7760000  -4.8530000  -2.1170000   4.2380000  -3.8030000  -0.7710000
   3.2390000  -5.5030000  -0.9030000   3.2660000  -6.2720000  -1.4590000
   2.7830000  -7.2640000  -4.2010000   3.5340000  -7.0000000  -4.9670000
   1.9620000  -9.1560000  -5.2700000   2.7650000  -8.9790000  -6.0600000
   1.6190000  -7.8050000  -4.7400000   3.4630000  -8.1210000  -3.1130000
   2.7660000  -8.1190000  -2.2130000   4.6990000  -7.6190000  -2.7450000
   4.9490000  -8.1430000  -2.0560000   3.6540000  -9.6270000  -3.4510000
   4.5120000  -9.7880000  -4.1420000   3.8100000 -10.3900000  -2.3050000
   3.5190000 -11.2950000  -2.4490000   2.3940000 -10.0350000  -4.1840000
   1.5460000 -10.1310000  -3.4610000   2.5440000 -11.2500000  -4.9070000
   0.7490000  -9.6690000  -6.0310000   0.1740000 -10.4350000  -5.4510000
   0.0950000  -8.7740000  -6.2750000   0.9730000 -10.1850000  -7.3320000
   1.3750000 -11.0570000  -7.1980000   2.4170000 -12.4570000  -4.1700000
   1.4880000 -12.4720000  -3.4810000   3.3830000 -13.8450000  -2.6190000
   2.3220000 -13.8070000  -2.1840000   3.5810000 -12.6820000  -3.4240000
   2.1620000 -13.5280000  -5.2130000   2.9660000 -13.4430000  -5.9920000
   0.9950000 -13.3670000  -5.9640000   1.1010000 -13.9030000  -6.7610000
   2.1550000 -14.8360000  -4.5620000   1.1830000 -14.8920000  -4.0730000
   2.1780000 -15.8690000  -5.5060000   2.0670000 -16.7130000  -4.9760000
   3.2790000 -15.0050000  -3.5290000   4.2460000 -15.0420000  -4.1060000
   3.2770000 -16.1780000  -2.7590000   4.4060000 -13.8920000  -1.5690000
   5.3250000 -14.2010000  -1.9800000   4.6210000 -12.8290000  -1.2180000
   4.0670000 -14.7480000  -0.4420000   4.3820000 -15.6810000  -0.5730000
   4.1350000 -17.2760000  -2.9830000   5.1600000 -16.9090000  -3.1670000
   4.6630000 -19.0970000  -4.3480000   5.7850000 -18.7310000  -4.3920000
   3.6750000 -18.0700000  -4.0670000   4.2650000 -18.1860000  -1.7660000
   3.2520000 -18.5260000  -1.5840000   4.8380000 -17.5530000  -0.6280000
   4.3900000 -17.8750000   0.1880000   5.1110000 -19.4990000  -2.0040000
   6.1260000 -19.1320000  -2.0480000   5.0250000 -20.4510000  -0.9490000
   4.9890000 -21.4010000  -1.3650000   4.5680000 -20.2210000  -3.2140000
   3.5290000 -20.4900000  -3.0420000   5.4180000 -21.3190000  -3.5880000
   4.3490000 -19.6280000  -5.8150000   3.4300000 -20.1810000  -5.8220000
   4.4310000 -18.7300000  -6.4330000   5.4160000 -20.5090000  -6.2010000
   5.5830000 -21.1890000  -5.5980000   4.8610000 -22.5400000  -4.0180000
   4.3400000 -22.3560000  -4.8980000   3.0210000 -23.9270000  -3.6320000
   2.4630000 -23.5070000  -4.6110000   3.8450000 -22.9010000  -3.0480000
   5.8630000 -23.6240000  -4.3470000   6.4200000 -23.7700000  -3.4870000
   6.8180000 -23.3570000  -5.3360000   7.2900000 -24.1840000  -5.4520000
   5.0840000 -24.7640000  -4.8350000   4.6580000 -24.4640000  -5.7960000
   5.8800000 -25.9060000  -5.0580000   5.6090000 -26.3320000  -5.8940000
   3.8750000 -25.1090000  -3.9430000   4.2680000 -25.3490000  -2.9030000
   3.1430000 -26.1900000  -4.4370000   3.0590000 -26.9630000  -3.9490000
   1.8290000 -24.3440000  -2.7530000   1.9740000 -25.3060000  -2.2670000
   1.6310000 -23.5240000  -1.9850000   0.5990000 -24.2780000  -3.4640000
   0.6400000 -24.8560000  -4.2660000
